 1.39499E-03
 1.05321E-02
 3.22546E-02
 6.66826E-02
 .1091465
 .151914
 .1870857
 .209595
 .2191966
 .2206811
 .2221998
 .2322783
 .2566022
 .2957672
 .3448727
 .3951764
 .4372803
 .4647216
 .476647
 .4785232
 .4805066
 .493933
 .527115
 .5819528
 .6526833
 .7274088
 .7920966
 .835841
 .8556265
 .8588651
 .8625792
 .8891525
 .9596887
 1.08688
 1.26958
 1.49093
 1.72076
 1.92204
 2.05949
 2.1082
 2.05981
 1.92451
 1.72834
 1.50659
 1.29518
 1.12244
 1.0034
 .9380534
 .9136767
 .9103
 .9073998
 .8898471
 .8514318
 .7952146
 .7309594
 .6707858
 .6246334
 .5970061
 .5859454
 .584327
 .5828214
 .5733483
 .5517935
 .5191022
 .4805024
 .4432715
 .4139356
 .3959374
 .3885701
 .3874715
 .3864189
 .3796903
 .3641223
 .3401275
 .3113586
 .2832016
 .2607061
 .2467221
 .2409271
 .2400536
 .2392014
 .2337046
 .2208528
 .2008392
 .1765994
 .1526423
 .1333182
 .1211945
 .1161256
 .1153562
 .1145951
 .1096497
 9.79944E-02
 7.96940E-02
 5.73518E-02
 3.50924E-02
 1.69963E-02
 5.55474E-03
 7.36490E-04
 -6.73689E-07
 -7.37444E-04
 -5.55626E-03
 -1.69971E-02
 -3.50928E-02
 -5.73521E-02
 -7.96942E-02
 -9.79941E-02
 -.109649
 -.114594
 -.115356
 -.116125
 -.121194
 -.133318
 -.152642
 -.1766
 -.200839
 -.220853
 -.233705
 -.239202
 -.240054
 -.240927
 -.246722
 -.260706
 -.283202
 -.311359
 -.340128
 -.364123
 -.37969
 -.386419
 -.387471
 -.38857
 -.395938
 -.413935
 -.443272
 -.480504
 -.519102
 -.551794
 -.573349
 -.582822
 -.584327
 -.585945
 -.597006
 -.624635
 -.670785
 -.730959
 -.795214
 -.851433
 -.889847
 -.907399
 -.9103
 -.913677
 -.938053
 -1.0034
 -1.12244
 -1.29518
 -1.50659
 -1.72834
 -1.92452
 -2.05981
 -2.1082
 -2.05949
 -1.92204
 -1.72076
 -1.49092
 -1.26958
 -1.08688
 -.959688
 -.889153
 -.86258
 -.858866
 -.855627
 -.835841
 -.792097
 -.727408
 -.652682
 -.581952
 -.527114
 -.493932
 -.480507
 -.478523
 -.476646
 -.464721
 -.43728
 -.395176
 -.344874
 -.295768
 -.256603
 -.232277
 -.222199
 -.22068
 -.219197
 -.209595
 -.187085
 -.151914
 -.109146
 -6.66821E-02
 -3.22541E-02
 -1.05326E-02
 -1.39389E-03
 6.56314E-07
